KX098453.1:1-1092	0
OU745005.1:45063598-45064695	0.00907441016333943	0
OU744967.1:45973295-45974392	0.00907441016333943	0.0	0
OU744556.1:45496457-45497554	0.00907441016333943	0.0	0.0	0
NM_001328956.1:523-1620	0.010889292196007205	0.001814882032667886	0.001814882032667886	0.001814882032667886	0
OU696691.1:45562040-45563137	0.02177858439201452	0.014519056261342977	0.014519056261342977	0.014519056261342977	0.016333938294010864	0
OU696517.1:44046102-44047199	0.02268602540834841	0.015426497277676976	0.015426497277676976	0.015426497277676976	0.017241379310344862	0.00453720508166966	0
JQ669823.1:1-1068	0.07894736842105265	0.08439201451905631	0.08439201451905631	0.08439201451905631	0.0852994555353902	0.09165154264972775	0.08892921960072597	0
OU744960.1:21263881-21264944	0.11433756805807627	0.11796733212341193	0.11796733212341193	0.11796733212341193	0.11887477313974593	0.11978221415607981	0.11705989110707804	0.04537205081669693	0
KX235346.1:1-1065	0.11433756805807627	0.11796733212341193	0.11796733212341193	0.11796733212341193	0.11887477313974593	0.11978221415607981	0.11705989110707804	0.04446460980036293	0.00453720508166966	0
OU744998.1:21854733-21855797	0.11524500907441015	0.11887477313974593	0.11887477313974593	0.11887477313974593	0.11978221415607981	0.12068965517241381	0.11796733212341193	0.04355716878402904	0.005444646098003658	0.0009074410163338875	0
OU744549.1:21735005-21736075	0.1098003629764065	0.11343012704174227	0.11343012704174227	0.11343012704174227	0.11433756805807627	0.11524500907441015	0.11252268602540838	0.04990925589836659	0.011796733212341204	0.010889292196007205	0.011796733212341204	0
OU696684.1:21270959-21272029	0.1098003629764065	0.11343012704174227	0.11343012704174227	0.11343012704174227	0.11433756805807627	0.11524500907441015	0.11252268602540838	0.04990925589836659	0.011796733212341204	0.010889292196007205	0.011796733212341204	0.0	0
OU696510.1:21535459-21536528	0.10889292196007261	0.11252268602540838	0.11252268602540838	0.11252268602540838	0.11343012704174227	0.11433756805807627	0.11161524500907438	0.05081669691470059	0.009981851179673318	0.012704174228675091	0.01361161524500909	0.005444646098003658	0.005444646098003658	0
	KX098453.1:1-1092	OU745005.1:45063598-45064695	OU744967.1:45973295-45974392	OU744556.1:45496457-45497554	NM_001328956.1:523-1620	OU696691.1:45562040-45563137	OU696517.1:44046102-44047199	JQ669823.1:1-1068	OU744960.1:21263881-21264944	KX235346.1:1-1065	OU744998.1:21854733-21855797	OU744549.1:21735005-21736075	OU696684.1:21270959-21272029	OU696510.1:21535459-21536528
